1st one 

1
2.01
1
1.08
1
1.55
1
1.71
0
2.33
0
1.62
0
1.79
0
1.91
1
0.97
1
1.46
1
1.29
1
1.38
1
1.37
1
1.44
1
1.4
1
1.4
1
1.42
1
1.42
1
1.51
1
1.48
0
1.46
1
1.58
1
1.27
1
1.37
0
1.52
1
1.52
1
1.57
0
1.43
1
1.65
1
1.34
1
1.7
0
1.3
0
1.7
0
1.45
1
1.59
0
1.45
0
1.63
1
1.59
0
1.37
0
1.47
0
1.53
1
1.45
1
1.48
0
1.47
0
1.47
1
1.61
1
1.62
1
1.61
0
1.56
0
1.55
0
1.49
0
1.49
0
1.56
0
1.5
0
1.56
0
1.71
0
1.88
0
1.9

2nd one

1
1.67
0
1.57
0
2.22
0
1.78
1
0.89
0
1.7
0
1.9
0
1.99
1
1.06
1
1.12
1
1.3
1
1.43
1
1.27
0
1.58
1
1.48
0
1.65
0
1.57
0
1.63
0
1.59
0
1.24
1
1.38
1
1.18
0
1.72
0
1.71
1
1.3
1
1.42
1
1.41
1
1.03
0
1.55
1
0.95
1
1.35
1
1.34
1
1.26
1
1.31
1
1.22
1
1.32
1
1.29
1
1.22
1
1.23
1
1.26
1
1.28
1
1.3
1
1.32
1
1.28
1
1.27
1
1.32
1
1.32
1
1.34
1
1.36
1
1.35
1
1.36
1
1.35
1
1.37
1
1.38
1
1.36
1
1.33
1
1.02
1
1.12
1
1.15
1
1.34
1
1.36
1
1.39
1
1.35
1
1.39
1
1.4
0
1.73
0
1.64
0
1.57

3rd one

